name: barcoding
channels:
  - conda-forge
  - bioconda
  - defaults
dependencies:
  - _libgcc_mutex=0.1=conda_forge
  - _openmp_mutex=4.5=2_gnu
  - c-ares=1.34.4=hb9d3cd8_0
  - ca-certificates=2024.12.14=hbcca054_0
  - curl=8.11.1=h332b0f4_0
  - keyutils=1.6.1=h166bdaf_0
  - krb5=1.21.3=h659f571_0
  - libcurl=8.11.1=h332b0f4_0
  - libedit=3.1.20240808=pl5321h7949ede_0
  - libev=4.33=hd590300_2
  - libgcc=14.2.0=h77fa898_1
  - libgcc-ng=14.2.0=h69a702a_1
  - libgomp=14.2.0=h77fa898_1
  - libiconv=1.17=hd590300_2
  - liblzma=5.6.3=hb9d3cd8_1
  - libnghttp2=1.64.0=h161d5f1_0
  - libssh2=1.11.1=hf672d98_0
  - libstdcxx=14.2.0=hc0a3c3a_1
  - libstdcxx-ng=14.2.0=h4852527_1
  - libxcrypt=4.4.36=hd590300_1
  - libxml2=2.13.5=h0d44e9d_1
  - libzlib=1.3.1=hb9d3cd8_2
  - ncbi-vdb=3.2.0=h9948957_0
  - ncurses=6.5=h2d0b736_2
  - openssl=3.4.0=h7b32b05_1
  - ossuuid=1.6.2=h5888daf_1001
  - perl=5.32.1=7_hd590300_perl5
  - perl-alien-build=2.84=pl5321h7b50bb2_0
  - perl-alien-libxml2=0.17=pl5321h577a1d6_1
  - perl-business-isbn=3.007=pl5321hd8ed1ab_0
  - perl-business-isbn-data=20210112.006=pl5321hd8ed1ab_0
  - perl-capture-tiny=0.48=pl5321ha770c72_1
  - perl-carp=1.50=pl5321hd8ed1ab_0
  - perl-constant=1.33=pl5321hd8ed1ab_0
  - perl-exporter=5.74=pl5321hd8ed1ab_0
  - perl-extutils-makemaker=7.70=pl5321hd8ed1ab_0
  - perl-ffi-checklib=0.28=pl5321hdfd78af_0
  - perl-file-chdir=0.1011=pl5321hd8ed1ab_0
  - perl-file-path=2.18=pl5321hd8ed1ab_0
  - perl-file-temp=0.2304=pl5321hd8ed1ab_0
  - perl-file-which=1.24=pl5321hd8ed1ab_0
  - perl-importer=0.026=pl5321hd8ed1ab_0
  - perl-math-derivative=1.01=pl5321hdfd78af_1
  - perl-parent=0.243=pl5321hd8ed1ab_0
  - perl-path-tiny=0.124=pl5321hd8ed1ab_0
  - perl-pathtools=3.75=pl5321hb9d3cd8_1
  - perl-scope-guard=0.21=pl5321hd8ed1ab_0
  - perl-sub-info=0.002=pl5321hd8ed1ab_0
  - perl-term-table=0.024=pl5321hdfd78af_0
  - perl-test-fatal=0.016=pl5321ha770c72_0
  - perl-test-warnings=0.031=pl5321ha770c72_0
  - perl-test2-suite=0.000163=pl5321hdfd78af_0
  - perl-try-tiny=0.31=pl5321ha770c72_0
  - perl-uri=5.17=pl5321ha770c72_0
  - perl-xml-libxml=2.0210=pl5321hf886d80_0
  - perl-xml-namespacesupport=1.12=pl5321hd8ed1ab_0
  - perl-xml-sax=1.02=pl5321hd8ed1ab_0
  - perl-xml-sax-base=1.09=pl5321hd8ed1ab_0
  - seqtk=1.4=h577a1d6_3
  - sra-tools=3.2.0=h4304569_0
  - zlib=1.3.1=hb9d3cd8_2
  - zstd=1.5.6=ha6fb4c9_0
prefix: /n/boslfs02/LABS/sfortune_lab/Lab/envs/barcoding
